function x = data()
x = [
% maxiter width height lower_r upper_r lower_i upper_i nb_thread loadbalance try thread thread_start_time_sec thread_start_time_nsec thread_stop_time_sec thread_stop_time_nsec global_start_time_sec global_start_time_nsec global_stop_time_sec global_stop_time_nsec
256 500 375 -2 0.6 -1 1 0 0 1 0 11771766 698478342 11771766 840883262 11771766 698478269 11771766 840883410
256 500 375 -2 0.6 -1 1 0 0 2 0 11771766 882293574 11771767 25831799 11771766 882293439 11771767 25831980
256 500 375 -2 0.6 -1 1 0 0 3 0 11771767 58474056 11771767 200712656 11771767 58473984 11771767 200712833
256 500 375 -2 0.6 -1 1 0 0 4 0 11771767 232761429 11771767 374839761 11771767 232761347 11771767 374839851
256 500 375 -2 0.6 -1 1 0 0 5 0 11771767 406024326 11771767 548566820 11771767 406024251 11771767 548567014
256 500 375 -2 0.6 -1 1 0 0 6 0 11771767 579681080 11771767 723731121 11771767 579680989 11771767 723731254
256 500 375 -2 0.6 -1 1 0 0 7 0 11771767 754881628 11771767 899177470 11771767 754881538 11771767 899177560
256 500 375 -2 0.6 -1 1 0 0 8 0 11771767 930609546 11771768 78839370 11771767 930609473 11771768 78839445
256 500 375 -2 0.6 -1 1 0 0 9 0 11771768 111546486 11771768 255985222 11771768 111546344 11771768 255985400
256 500 375 -2 0.6 -1 1 0 0 10 0 11771768 301321729 11771768 446478179 11771768 301321648 11771768 446478315
256 500 375 -2 0.6 -1 1 0 1 1 0 11771768 487083052 11771768 634204618 11771768 487082974 11771768 634204738
256 500 375 -2 0.6 -1 1 0 1 2 0 11771768 665604971 11771768 811960081 11771768 665604895 11771768 811960268
256 500 375 -2 0.6 -1 1 0 1 3 0 11771768 859837805 11771769 8391655 11771768 859837668 11771769 8391842
256 500 375 -2 0.6 -1 1 0 1 4 0 11771769 60917811 11771769 208234826 11771769 60917661 11771769 208235181
256 500 375 -2 0.6 -1 1 0 1 5 0 11771769 259355697 11771769 406413975 11771769 259355547 11771769 406414053
256 500 375 -2 0.6 -1 1 0 1 6 0 11771769 453021257 11771769 597261413 11771769 453021176 11771769 597261494
256 500 375 -2 0.6 -1 1 0 1 7 0 11771769 643251309 11771769 785873968 11771769 643251156 11771769 785874100
256 500 375 -2 0.6 -1 1 0 1 8 0 11771769 835956417 11771769 977396273 11771769 835956282 11771769 977396404
256 500 375 -2 0.6 -1 1 0 1 9 0 11771770 25239157 11771770 167987763 11771770 25239014 11771770 167987820
256 500 375 -2 0.6 -1 1 0 1 10 0 11771770 216924118 11771770 359897733 11771770 216923980 11771770 359897803
256 500 375 -2 0.6 -1 1 0 2 1 0 11771770 419476402 11771770 566667304 11771770 419476245 11771770 566667416
256 500 375 -2 0.6 -1 1 0 2 2 0 11771770 623348022 11771770 767142799 11771770 623347879 11771770 767142920
256 500 375 -2 0.6 -1 1 0 2 3 0 11771770 816764120 11771770 959722406 11771770 816763977 11771770 959722486
256 500 375 -2 0.6 -1 1 0 2 4 0 11771771 10173618 11771771 152592577 11771771 10173478 11771771 152592656
256 500 375 -2 0.6 -1 1 0 2 5 0 11771771 202465054 11771771 344657637 11771771 202464914 11771771 344657711
256 500 375 -2 0.6 -1 1 0 2 6 0 11771771 394644526 11771771 536683328 11771771 394644374 11771771 536683391
256 500 375 -2 0.6 -1 1 0 2 7 0 11771771 588542534 11771771 729760181 11771771 588542463 11771771 729760263
256 500 375 -2 0.6 -1 1 0 2 8 0 11771771 779863135 11771771 921246501 11771771 779862994 11771771 921246579
256 500 375 -2 0.6 -1 1 0 2 9 0 11771771 975409544 11771772 121221252 11771771 975409407 11771772 121221416
256 500 375 -2 0.6 -1 1 0 2 10 0 11771772 170789848 11771772 314795084 11771772 170789708 11771772 314795157
256 500 375 -2 0.6 -1 1 1 0 1 1 11771772 376352762 11771772 376352922 11771772 376346793 11771772 376356386
256 500 375 -2 0.6 -1 1 1 0 2 1 11771772 426923088 11771772 426923250 11771772 426916984 11771772 426926676
256 500 375 -2 0.6 -1 1 1 0 3 1 11771772 477834012 11771772 477834187 11771772 477776067 11771772 477950084
256 500 375 -2 0.6 -1 1 1 0 4 1 11771772 527899819 11771772 527899972 11771772 527893442 11771772 527902747
256 500 375 -2 0.6 -1 1 1 0 5 1 11771772 579536885 11771772 579537050 11771772 579531006 11771772 579540544
256 500 375 -2 0.6 -1 1 1 0 6 1 11771772 630592771 11771772 630592931 11771772 630586625 11771772 630596420
256 500 375 -2 0.6 -1 1 1 0 7 1 11771772 681538940 11771772 681539102 11771772 681485922 11771772 681551750
256 500 375 -2 0.6 -1 1 1 0 8 1 11771772 733294760 11771772 733294920 11771772 733233166 11771772 733495086
256 500 375 -2 0.6 -1 1 1 0 9 1 11771772 784945762 11771772 784945924 11771772 784892509 11771772 784958595
256 500 375 -2 0.6 -1 1 1 0 10 1 11771772 836158075 11771772 836158215 11771772 836152231 11771772 836168996
256 500 375 -2 0.6 -1 1 1 1 1 1 11771772 897051683 11771772 897051841 11771772 897045564 11771772 897052309
256 500 375 -2 0.6 -1 1 1 1 2 1 11771772 942061398 11771772 942061538 11771772 942050566 11771772 942065224
256 500 375 -2 0.6 -1 1 1 1 3 1 11771772 992785902 11771772 992786067 11771772 992779751 11771772 992789546
256 500 375 -2 0.6 -1 1 1 1 4 1 11771773 43916119 11771773 43916260 11771773 43909860 11771773 43919883
256 500 375 -2 0.6 -1 1 1 1 5 1 11771773 95928890 11771773 95929055 11771773 95922579 11771773 95932404
256 500 375 -2 0.6 -1 1 1 1 6 1 11771773 147815496 11771773 147815663 11771773 147809397 11771773 147819255
256 500 375 -2 0.6 -1 1 1 1 7 1 11771773 199221822 11771773 199221960 11771773 199215629 11771773 199225436
256 500 375 -2 0.6 -1 1 1 1 8 1 11771773 249357139 11771773 249357299 11771773 249302983 11771773 249426295
256 500 375 -2 0.6 -1 1 1 1 9 1 11771773 299857777 11771773 299857937 11771773 299851666 11771773 299861443
256 500 375 -2 0.6 -1 1 1 1 10 1 11771773 350733430 11771773 350733570 11771773 350727269 11771773 350737046
256 500 375 -2 0.6 -1 1 1 2 1 1 11771773 415203552 11771773 415203692 11771773 415197453 11771773 415204611
256 500 375 -2 0.6 -1 1 1 2 2 1 11771773 464294404 11771773 464294564 11771773 464227312 11771773 464307440
256 500 375 -2 0.6 -1 1 1 2 3 1 11771773 512981465 11771773 512981625 11771773 512949910 11771773 513040911
256 500 375 -2 0.6 -1 1 1 2 4 1 11771773 562959204 11771773 562959369 11771773 562953137 11771773 562960420
256 500 375 -2 0.6 -1 1 1 2 5 1 11771773 613856654 11771773 613856817 11771773 613803181 11771773 613951121
256 500 375 -2 0.6 -1 1 1 2 6 1 11771773 665947010 11771773 665947190 11771773 665916596 11771773 665959986
256 500 375 -2 0.6 -1 1 1 2 7 1 11771773 715779999 11771773 715780162 11771773 715773965 11771773 715783598
256 500 375 -2 0.6 -1 1 1 2 8 1 11771773 769512653 11771773 769512810 11771773 769480935 11771773 769525714
256 500 375 -2 0.6 -1 1 1 2 9 1 11771773 820851483 11771773 820851645 11771773 820845474 11771773 820855071
256 500 375 -2 0.6 -1 1 1 2 10 1 11771773 871490815 11771773 871490975 11771773 871484701 11771773 871494428
256 500 375 -2 0.6 -1 1 2 0 1 1 11771773 932095911 11771773 932096041 11771773 932091138 11771773 932102688
256 500 375 -2 0.6 -1 1 2 0 1 2 11771773 932098781 11771773 932098939 11771773 932091138 11771773 932102688
256 500 375 -2 0.6 -1 1 2 0 2 1 11771773 985373219 11771773 985373394 11771773 985174069 11771773 985445521
256 500 375 -2 0.6 -1 1 2 0 2 2 11771773 985313320 11771773 985313503 11771773 985174069 11771773 985445521
256 500 375 -2 0.6 -1 1 2 0 3 1 11771774 40361042 11771774 40361202 11771774 40221911 11771774 40493873
256 500 375 -2 0.6 -1 1 2 0 3 2 11771774 40424681 11771774 40424859 11771774 40221911 11771774 40493873
256 500 375 -2 0.6 -1 1 2 0 4 1 11771774 94066339 11771774 94066504 11771774 93897235 11771774 94136887
256 500 375 -2 0.6 -1 1 2 0 4 2 11771774 93997418 11771774 93997603 11771774 93897235 11771774 94136887
256 500 375 -2 0.6 -1 1 2 0 5 1 11771774 148629926 11771774 148630104 11771774 148476834 11771774 148699673
256 500 375 -2 0.6 -1 1 2 0 5 2 11771774 148543850 11771774 148544028 11771774 148476834 11771774 148699673
256 500 375 -2 0.6 -1 1 2 0 6 1 11771774 201960328 11771774 201960491 11771774 201794184 11771774 202037175
